function [a, A] =setgeomentry()
a = [0.36/2 -0.36/2 -0.36/2 -0.36/2];
A = [0.45, 0.095, -0.45, 0.095, -0.225, 0, 0.225, 0];
end